   1.6635758e+00
   1.3653362e+00
   1.5243721e+00
   1.2092836e+00
   1.6157143e+00
   1.4619803e+00
   1.5873866e+00
   1.2934915e+00
   1.9202136e+00
   1.1670843e+00
   1.2060260e+00
   1.5968422e+00
   1.3031191e+00
   1.3155220e+00
   1.5105877e+00
   1.2933196e+00
   1.1721489e+00
   1.3834804e+00
   1.3970964e+00
   1.2564313e+00
   1.3023251e+00
   1.4215056e+00
   1.4891928e+00
   1.5313469e+00
   1.2615804e+00
   1.6979752e+00
   1.0371247e+00
   1.4420724e+00
   1.4456903e+00
   1.4640141e+00
   1.2387340e+00
   1.4463183e+00
   1.3891906e+00
   1.2445893e+00
   1.3130766e+00
   1.5585082e+00
   1.2104192e+00
   1.2619343e+00
   1.0762650e+00
   1.2987487e+00
   1.5526526e+00
   1.1423451e+00
   1.3728496e+00
   1.6186815e+00
   1.2690628e+00
   1.6636853e+00
   1.2621398e+00
   1.3280201e+00
   1.5573708e+00
   1.2750873e+00
   1.3974619e+00
   1.4026911e+00
   1.0528054e+00
   1.3108446e+00
   1.2964225e+00
   1.5176444e+00
   1.5271126e+00
   1.2888214e+00
   1.4209533e+00
   1.3104613e+00
   1.5688603e+00
   1.3540347e+00
   1.5141533e+00
   1.1495128e+00
   1.2150747e+00
   1.3531427e+00
   1.2980488e+00
   1.3232440e+00
   1.3199554e+00
   1.1218119e+00
   1.3600158e+00
   1.6820576e+00
   1.1468024e+00
   1.3865460e+00
   1.1763210e+00
   1.1664354e+00
   1.3877165e+00
   1.2459781e+00
   1.5242137e+00
   1.2211451e+00
   1.4570161e+00
   1.2691485e+00
   1.3877165e+00
   1.2952390e+00
   1.1848895e+00
  -4.4281684e+00
   1.2012224e+00
   1.4871535e+00
   1.3415124e+00
   1.3435495e+00
   1.4474267e+00
   1.2255683e+00
   1.5117271e+00
   1.5144448e+00
   1.2421741e+00
   1.3447194e+00
   1.3464468e+00
   1.2397010e+00
   1.4404380e+00
   1.2950653e+00
   1.2183600e+00
   1.4796144e+00
   1.3244656e+00
   1.3098539e+00
   1.1157217e+00
   1.5706836e+00
   1.5063124e+00
   1.1240749e+00
   1.4819341e+00
   1.4862517e+00
   1.4188057e+00
   1.3199554e+00
   1.5314215e+00
   1.3480937e+00
   1.5298411e+00
   1.4097707e+00
   1.4472800e+00
   1.4404380e+00
   1.1614217e+00
   1.7761079e+00
   1.2500639e+00
   1.6060709e+00
   1.4316654e+00
   1.1832004e+00
   1.3346199e+00
   1.3404212e+00
   1.1542279e+00
   1.5231548e+00
   1.5103637e+00
   1.5092700e+00
   1.2473411e+00
   1.2512261e+00
   1.4126353e+00
   1.1422258e+00
   1.0844731e+00
   1.3132486e+00
   1.4563152e+00
   1.3188503e+00
   1.3723787e+00
   1.2819950e+00
   1.2449672e+00
   1.3987992e+00
   1.2588307e+00
   1.3505157e+00
   1.3064078e+00
   1.2740920e+00
   1.3134335e+00
   1.9773720e+00
   1.3561489e+00
   1.3099142e+00
   1.2301233e+00
   1.5475913e+00
   1.3465867e+00
   1.3160391e+00
   1.3486690e+00
   1.4815316e+00
   1.3298168e+00
   1.4842765e+00
   1.4954604e+00
   1.3949744e+00
   1.5403325e+00
   1.2496377e+00
   1.3153686e+00
   1.5194738e+00
   1.5488168e+00
   1.2352116e+00
   1.2115126e+00
   1.5417366e+00
   1.3608292e+00
   1.3317902e+00
   1.5049609e+00
   1.5284469e+00
   1.6476579e+00
   1.3055516e+00
   1.3248991e+00
   1.5263329e+00
   1.2661770e+00
   1.2094850e+00
   1.1180867e+00
   1.5079449e+00
   1.5665872e+00
   1.4176800e+00
   1.6612171e+00
   1.9317130e+00
   1.1945032e+00
   1.3458888e+00
   1.3953743e+00
   1.5525994e+00
   1.4014556e+00
   1.3730129e+00
   1.4927778e+00
   2.0792538e+00
   1.3055481e+00
   1.3633559e+00
   1.5087252e+00
   1.2492017e+00
   1.2990525e+00
   1.5248921e+00
   1.3240057e+00
   1.3877165e+00
   1.4080164e+00
   1.3134335e+00
   1.3597275e+00
   1.2491406e+00
   1.5668528e+00
   1.1811305e+00
   1.5657539e+00
   1.9871090e+00
   1.7024193e+00
   1.8571578e+00
   1.3460795e+00
   1.2088534e+00
   1.3318372e+00
   1.1624935e+00
   1.4536669e+00
   1.2527303e+00
   1.3667479e+00
   1.5266268e+00
   1.3844959e+00
   1.4750513e+00
   1.5605312e+00
   1.1065565e+00
   1.4077429e+00
   1.5449963e+00
   1.0870697e+00
   1.3044138e+00
   1.4412698e+00
   1.2465298e+00
   1.2980488e+00
   1.3244656e+00
   1.2723584e+00
   1.5574382e+00
   1.2383503e+00
   1.1796053e+00
   1.3065410e+00
   1.2594720e+00
   1.1043528e+00
   1.1990622e+00
   1.1617624e+00
   1.3317668e+00
   1.5322349e+00
   1.2840874e+00
   1.2104192e+00
   1.4035189e+00
   1.4266755e+00
   1.4002351e+00
   1.6612171e+00
   1.2901152e+00
   1.2615804e+00
   1.7743485e+00
   1.3029082e+00
   1.2612693e+00
   1.4046969e+00
   1.5189656e+00
   1.4584901e+00
   1.4070239e+00
   1.4587582e+00
   1.2282265e+00
   1.6569412e+00
   1.4434876e+00
   1.4808382e+00
   1.4750896e+00
   1.4873571e+00
   1.6565545e+00
   1.0744232e+00
   1.3032577e+00
   1.4001703e+00
   1.3248991e+00
   1.3132486e+00
   1.1533744e+00
   1.3107362e+00
   1.5087252e+00
   1.6636853e+00
   1.5596514e+00
   1.5419054e+00
   1.4097707e+00
   1.3065410e+00
   1.4146425e+00
   1.4159173e+00
   1.3759533e+00
   1.5851809e+00
   1.2568439e+00
   1.6032514e+00
   1.7962886e+00
   1.3786601e+00
   1.1784551e+00
   1.6979752e+00
   1.2864884e+00
   1.2076533e+00
   1.1890684e+00
   1.1427049e+00
   1.3370083e+00
   1.2063348e+00
   1.3754267e+00
   1.4972332e+00
   2.2967346e+00
   1.1183529e+00
   1.3212803e+00
   1.3858791e+00
   1.3064956e+00
   1.5382035e+00
   1.3993167e+00
   1.2901152e+00
   1.5643520e+00
   1.3563462e+00
   1.3393542e+00
   1.8046881e+00
   1.2606604e+00
   1.2588307e+00
   1.1416921e+00
   1.5591562e+00
   2.0821171e+00
   1.2040302e+00
   1.4098690e+00
   1.1508970e+00
   1.3931807e+00
   1.1404878e+00
   1.2416886e+00
   1.2459781e+00
   1.4801639e+00
   1.5396605e+00
   1.5541724e+00
   1.2263416e+00
   1.3334169e+00
   1.3877267e+00
   1.3121779e+00
   1.5155793e+00
   1.3390830e+00
   1.6028452e+00
   1.4140090e+00
   1.4166636e+00
   1.3415124e+00
   1.4468842e+00
   1.4146425e+00
   1.1867147e+00
   1.4197589e+00
   1.3098539e+00
   1.4806363e+00
   1.2117078e+00
   1.1367613e+00
   1.4919785e+00
   1.3447194e+00
   1.6697108e+00
   1.2478343e+00
   1.9451951e+00
   1.3319309e+00
   1.5585082e+00
   1.4657917e+00
   1.5469837e+00
   1.2586734e+00
   1.4947385e+00
   1.6396339e+00
   1.3697225e+00
   1.1764562e+00
   1.6123216e+00
   1.5108257e+00
   1.5441225e+00
   1.3142395e+00
   1.5104533e+00
   1.4147435e+00
   1.2965369e+00
   1.2124694e+00
   1.3982005e+00
   1.2985583e+00
   1.2673502e+00
   1.2710796e+00
   1.3650762e+00
   1.0724020e+00
   1.2399397e+00
   1.4600848e+00
   1.5284469e+00
   1.4364333e+00
   1.5146427e+00
   1.3553141e+00
   1.2987588e+00
   1.2525872e+00
   1.4144401e+00
   1.2621244e+00
   1.5396605e+00
   1.1603320e+00
   1.4904300e+00
   1.1212036e+00
   1.4638325e+00
   1.3485921e+00
   1.4178424e+00
   1.4774848e+00
   1.2115186e+00
   1.3097805e+00
   1.2588307e+00
   1.3164693e+00
   1.3495713e+00
   1.3373227e+00
   1.3329733e+00
   1.3093704e+00
   1.7835180e+00
   1.3137108e+00
   1.5828681e+00
   1.2531088e+00
   1.3589554e+00
   1.7449914e+00
   1.8212063e+00
   1.6485415e+00
   1.4806363e+00
   1.6507905e+00
   1.4100647e+00
   1.1861973e+00
   1.4526661e+00
   1.5657539e+00
   1.2547510e+00
   1.8746172e+00
   1.1995878e+00
   1.2125934e+00
   1.2691485e+00
   1.4135521e+00
   1.4303732e+00
   1.3223638e+00
   1.3130766e+00
   1.1983810e+00
   1.3094213e+00
   1.4780853e+00
   1.2449672e+00
   1.4569031e+00
   1.5015697e+00
   1.3742651e+00
   9.8938350e-01
   1.2228461e+00
   1.3877267e+00
   1.1640691e+00
   1.2585784e+00
   1.3095490e+00
   1.2827268e+00
   1.7543820e+00
   1.2612693e+00
   1.2814506e+00
   1.5790426e+00
   1.4344606e+00
   1.5270018e+00
   1.1989919e+00
   1.0850546e+00
  -4.8574742e+00
   1.3109286e+00
   1.3425680e+00
   1.3456166e+00
   1.5680947e+00
   1.3728496e+00
   1.3970964e+00
   1.8416407e+00
   1.2965369e+00
   1.2703910e+00
   1.5322349e+00
   1.7676566e+00
   1.1746305e+00
   1.4778943e+00
   1.0823599e+00
   1.3791611e+00
   1.2058820e+00
   1.7906173e+00
