   1.6008101e+00
   1.2917011e+00
   1.3538409e+00
   1.1878376e+00
   1.5599148e+00
   1.3424989e+00
   1.4540428e+00
   1.1282190e+00
   2.2216310e+00
   1.1787600e+00
   1.1042339e+00
   1.4643457e+00
   1.2830535e+00
   1.0381748e+00
   1.2933364e+00
   1.0382556e+00
   1.2680471e+00
   1.3120527e+00
   1.1793977e+00
   1.4046409e+00
   1.4900361e+00
   1.1832392e+00
   1.5186475e+00
   1.2720213e+00
   1.3201536e+00
   1.2813927e+00
   1.2978540e+00
   1.0719879e+00
   1.5285231e+00
   1.1113883e+00
   1.2426906e+00
   1.0384751e+00
   1.1806092e+00
   1.5226665e+00
   1.3722357e+00
   1.2983699e+00
   1.6448536e+00
   1.1438980e+00
   1.5099083e+00
   1.2348489e+00
   1.3051720e+00
   1.2451516e+00
   1.0432451e+00
   1.2639518e+00
   1.4837239e+00
   1.5027056e+00
   1.5020939e+00
   1.1591793e+00
   1.0112593e+00
   1.3393481e+00
   1.1391020e+00
   1.2020124e+00
   1.1697596e+00
   9.3145235e-01
   1.5493416e+00
   1.0779797e+00
   1.1306096e+00
   1.5424732e+00
   1.1119123e+00
   1.3342457e+00
   1.0110545e+00
   1.3679913e+00
   1.1740849e+00
   1.4821160e+00
   1.1701215e+00
   1.3917671e+00
   1.4641692e+00
   1.4751114e+00
   1.3658170e+00
   1.1647707e+00
   1.2336603e+00
   1.4816846e+00
   1.2954264e+00
   1.3302084e+00
   1.2897817e+00
   1.2189254e+00
   9.3415825e-01
   1.3430843e+00
   1.3534113e+00
   1.2312573e+00
   1.1411956e+00
   1.5661158e+00
   1.3951511e+00
   1.3434489e+00
   1.4486870e+00
   1.3346150e+00
   1.2003098e+00
   1.6236757e+00
   1.2613052e+00
   1.4377442e+00
   1.3535581e+00
   1.2581735e+00
   1.0147793e+00
   1.6812944e+00
   1.1821520e+00
   1.5234267e+00
   1.3567546e+00
   1.2039106e+00
   1.2485068e+00
   1.2346818e+00
   1.1578912e+00
   1.2933309e+00
   1.4614558e+00
   1.3771787e+00
   1.2472163e+00
   1.2150997e+00
   1.3840256e+00
   1.0505171e+00
   9.9299690e-01
   1.2482724e+00
   1.3064570e+00
   1.1969734e+00
   1.1697596e+00
   1.3199707e+00
   1.1313270e+00
   1.2691826e+00
   1.9196392e+00
   1.3443033e+00
   1.3722240e+00
   1.2607345e+00
   1.3194861e+00
   1.3892587e+00
   1.2605091e+00
   1.4851286e+00
   1.4477647e+00
   1.5683688e+00
   1.2086713e+00
   1.4443539e+00
   1.2346733e+00
   9.8764627e-01
   1.5465057e+00
   1.2251136e+00
   1.2067658e+00
   1.4340925e+00
   1.6066468e+00
   1.3343891e+00
   1.2240557e+00
   1.4583724e+00
   1.2532287e+00
   1.0654260e+00
   1.4286269e+00
   1.4423481e+00
   1.6142231e+00
   1.0261725e+00
   1.2072729e+00
   1.4109859e+00
   1.9116690e+00
   1.5101193e+00
   1.1710526e+00
   1.5484657e+00
   1.1832304e+00
   1.1940905e+00
   1.4771729e+00
   1.1829205e+00
   1.1354846e+00
   1.5000854e+00
   1.9038357e+00
   1.5177574e+00
   1.5770080e+00
   1.4238354e+00
   1.1812404e+00
   9.6245710e-01
   1.4526197e+00
   1.2935812e+00
   1.4059311e+00
   1.3160287e+00
   1.3825551e+00
   1.5076742e+00
   9.7743262e-01
   1.2867779e+00
   1.4430548e+00
   1.0225383e+00
   1.2606604e+00
   1.2920603e+00
   1.1189023e+00
   1.2415617e+00
   1.3915388e+00
   1.0811233e+00
   1.1710779e+00
   1.1540105e+00
   1.1437592e+00
   1.0151853e+00
   1.1746901e+00
   1.0671475e+00
   1.4302001e+00
   1.4465985e+00
   1.2440654e+00
   1.1020961e+00
   1.3633657e+00
   1.3637977e+00
   1.3216542e+00
   1.7605066e+00
   1.2049908e+00
   1.8224799e+00
   1.3474441e+00
   1.2732798e+00
   1.3811977e+00
   1.3511998e+00
   1.2186552e+00
   1.2883883e+00
   1.3851016e+00
   1.1419794e+00
   1.5316096e+00
   1.2945722e+00
   1.3594079e+00
   1.3549776e+00
   1.4437629e+00
   1.0306360e+00
   1.2872241e+00
   1.2266643e+00
   1.1994545e+00
   1.1378888e+00
   1.2414961e+00
   1.4336906e+00
   1.6229863e+00
   1.3577401e+00
   1.4223483e+00
   1.4288771e+00
   1.3023157e+00
   1.4081031e+00
   1.1868754e+00
   1.6041938e+00
   1.0195245e+00
   1.6229753e+00
   1.2269400e+00
   1.1746229e+00
   1.2431243e+00
   1.0990969e+00
   1.4211818e+00
   1.4290195e+00
   1.0642719e+00
   1.2532287e+00
   1.3648417e+00
   1.2436296e+00
   1.3569435e+00
   1.3409635e+00
   1.1513845e+00
   1.3940253e+00
   1.1475228e+00
   1.9727071e+00
   1.2139577e+00
   1.1016948e+00
   1.4822004e+00
   2.3748724e+00
   1.1404044e+00
   1.2724983e+00
   1.1163719e+00
   1.0512394e+00
   1.4058069e+00
   1.4626109e+00
   1.0962332e+00
   1.2677680e+00
   1.3692978e+00
   1.2341178e+00
   1.4308271e+00
   1.3889150e+00
   1.3499480e+00
   1.2033910e+00
   1.4037924e+00
   1.1708551e+00
   1.2849590e+00
   1.2824817e+00
   1.4189508e+00
   1.0912907e+00
   1.0789660e+00
   1.3892587e+00
   1.4897606e+00
   1.1313023e+00
   1.8529112e+00
   1.1834405e+00
   1.4352290e+00
   1.4656797e+00
   1.5237032e+00
   1.1958769e+00
   1.5439665e+00
   1.5679856e+00
   1.3993507e+00
   1.1455057e+00
   1.6747319e+00
   1.4302551e+00
   1.4374558e+00
   1.2496377e+00
   1.6070430e+00
   1.3741015e+00
   1.0938763e+00
   1.1998399e+00
   1.2382802e+00
   1.1892866e+00
   9.5069849e-01
   1.1685221e+00
   1.3777353e+00
   1.3218753e+00
   1.3048745e+00
   1.4343426e+00
   1.2045702e+00
   1.1160497e+00
   1.2297710e+00
   1.4111067e+00
   1.0216427e+00
   1.4801161e+00
   1.1158919e+00
   1.4061580e+00
   1.3788402e+00
   1.3857397e+00
   1.2473727e+00
   1.1861285e+00
   1.3318735e+00
   1.3520142e+00
   1.1695731e+00
   1.7949104e+00
   1.2188769e+00
   1.5964248e+00
   1.1952654e+00
   1.9514391e+00
   1.8339721e+00
   1.5520290e+00
   1.3404989e+00
   1.5871464e+00
   1.1764631e+00
   1.1515286e+00
   1.4318954e+00
   1.1917383e+00
   1.8944159e+00
   1.0866814e+00
   1.2939462e+00
   1.2757871e+00
   1.1920914e+00
   1.1222861e+00
   1.2678919e+00
   1.3145937e+00
   1.1354217e+00
   1.3199707e+00
   1.4752930e+00
   1.3562838e+00
   9.4741526e-01
   1.1366934e+00
   1.2998379e+00
   1.1186031e+00
   1.2393611e+00
   1.2421256e+00
   1.3083486e+00
   1.2873036e+00
   1.2702363e+00
   1.4893274e+00
   1.3311254e+00
   1.3737426e+00
   1.2222883e+00
   9.2221392e-01
   1.4488682e+00
   1.3496148e+00
   1.7237316e+00
   1.1346728e+00
   1.0711019e+00
   1.4919800e+00
   1.1344599e+00
   1.3060923e+00
   9.6977422e-01
   1.4450685e+00
   1.1597957e+00
   1.7691998e+00
