  -8.5581681e-01
   3.0905146e-01
  -4.4548118e-01
  -3.1798935e-01
  -5.5784124e-01
   6.3739516e-01
  -5.3500968e-01
   9.7313112e-02
   1.6139921e-02
  -8.4880050e-01
  -2.2994204e-01
  -4.7550718e-01
   6.2871003e-01
   2.6263634e-01
  -7.7341181e-02
   3.5034522e-03
  -3.9733849e-01
  -4.2288260e-01
   2.0945793e-02
  -9.1423718e-01
  -9.3333871e-01
  -3.9398450e-01
  -3.9963287e-01
  -1.2676068e-01
   1.3756296e-01
   3.3594602e-01
  -2.7474990e-01
  -2.4285873e-02
  -9.2516946e-01
  -2.8833956e-01
   3.8719170e-01
  -4.5329766e-02
  -1.9895837e-01
  -9.2446551e-01
   7.4238040e-01
  -5.8529025e-02
  -3.2786061e-01
  -1.5247247e-01
  -7.2185542e-01
  -2.4527841e-01
  -7.5472548e-01
   1.7420223e-02
   1.7502068e-01
  -2.4146469e-01
   1.5510551e-02
  -8.3234805e-02
  -6.9897224e-01
  -1.0096455e+00
  -8.5556758e-01
   1.6116789e-01
   4.0900027e-02
  -6.8014869e-01
  -9.9012626e-02
  -3.3129461e-01
  -1.1587311e-01
  -3.6376841e-01
   1.9750109e-01
  -6.0758352e-01
   1.3748957e-01
   1.7533340e-01
   2.3915366e-01
  -4.5673933e-01
  -2.0436702e-01
  -5.6867570e-01
  -3.7221526e-01
  -9.8397374e-01
  -3.8778715e-01
  -5.5554572e-01
   7.9557026e-02
  -9.6272245e-01
  -3.9537200e-01
  -5.8176138e-01
  -9.6443442e-02
   7.7343665e-01
  -7.7782873e-01
   4.4992467e-01
   7.6217882e-01
  -6.7844811e-01
  -4.7146703e-01
  -5.0974146e-01
  -1.6276876e-01
  -9.6922546e-01
  -8.2418066e-01
  -4.3589439e-01
  -7.3820431e-01
  -1.0726820e+00
  -4.4804525e-01
  -2.8221993e-01
   2.0819570e-01
  -4.5998241e-01
  -5.6321410e-01
  -7.1284254e-01
  -7.2723031e-02
  -7.0334275e-01
  -3.2871927e-01
  -4.7578861e-01
   1.4402850e-01
   3.4178745e-02
  -8.5815939e-01
  -7.2903109e-01
  -2.2835085e-01
  -1.0155334e+00
  -8.5120952e-01
  -1.1144264e+00
   4.1260030e-01
  -1.5042602e-01
  -7.2169771e-01
  -5.4714746e-01
   5.4664605e-01
  -4.7593558e-01
   1.7045947e-01
  -2.9919460e-01
   4.2335823e-01
  -1.4749352e-01
  -1.5832937e+00
  -2.8779314e-01
  -9.2803098e-02
   9.8457163e-01
  -1.2336282e+00
   1.6771405e-01
  -1.5953516e+00
  -1.2906870e+00
   3.5120494e-01
  -6.2475925e-01
  -3.5906335e-02
  -2.3951833e-03
  -1.3299660e+00
  -1.2614595e-01
  -3.8939060e-01
   1.6613649e-01
  -1.8645000e-01
  -2.0415084e-01
  -1.3086928e+00
  -4.1827161e-01
  -2.1817067e-01
   2.9538372e-01
  -1.0200861e+00
  -9.0138651e-01
  -1.4295328e+00
  -1.1372506e+00
  -1.3715298e+00
   3.2129621e-01
  -9.2351646e-01
   1.3823254e-01
   2.7719797e-02
  -4.9608443e-01
  -1.2630554e+00
  -5.7898789e-01
  -3.7628549e-01
  -5.4220103e-01
   3.8673535e-01
  -7.7901919e-01
  -3.4916942e-01
  -3.2443700e-01
  -6.8744456e-01
   9.7685037e-02
  -9.6269334e-01
  -6.4478754e-01
  -5.1624329e-01
  -5.7877008e-01
  -1.4028474e-01
  -2.8587772e-01
  -1.1110142e+00
  -3.1843647e-01
  -3.2117414e-01
   2.8769996e-01
  -2.0248685e+00
  -8.4673862e-01
  -2.8289450e-01
  -8.4398691e-01
  -1.0191441e+00
   3.9101859e-01
  -2.8169634e-01
  -3.8314548e-01
  -2.2743657e-01
   2.6608709e-01
  -3.1904114e-01
   3.7231423e-01
  -5.8638029e-01
  -1.6585850e-01
   4.1976680e-01
  -6.8154089e-01
  -2.5322758e-01
  -3.9899504e-01
  -6.5070514e-01
  -8.8906948e-01
  -5.7865539e-01
  -6.3964886e-02
  -3.1246341e-02
  -5.0345846e-01
   5.0076979e-02
  -4.2937722e-01
  -1.1352129e+00
  -1.1136213e+00
  -2.2548707e-01
   4.0046916e-01
  -2.6005412e-01
   6.3572255e-01
  -8.8701133e-01
  -4.4669737e-01
  -1.7178523e-01
  -8.0279518e-01
  -9.6530528e-01
  -9.3289135e-01
  -1.3832283e+00
  -6.0210780e-01
  -8.0635896e-02
  -6.2211429e-01
   1.8023005e-01
  -5.4092101e-01
  -4.2162307e-01
  -5.6657668e-01
  -4.1880084e-01
  -7.5063706e-01
  -8.5535012e-01
  -1.3189890e+00
  -8.2898641e-01
   3.9995670e-01
   4.6843795e-01
   7.1976453e-02
  -8.6406630e-01
  -1.2166220e+00
  -3.4938932e-01
  -3.3900659e-01
  -4.5031037e-01
  -5.8711503e-01
  -6.1966828e-01
   1.0997222e-01
  -2.3680209e-01
  -2.4905519e-01
   3.9664238e-01
  -4.9236807e-01
   5.4350506e-01
   2.8396137e-01
  -2.3161400e-01
   4.9832185e-01
  -6.6641131e-01
  -6.8054171e-01
  -6.8258552e-01
  -9.4203730e-01
   5.3021251e-01
   3.2739073e-01
  -5.5462726e-01
  -1.6030651e+00
  -1.1648564e+00
  -2.1531578e-02
  -4.0121704e-02
  -2.1004243e-01
  -3.6773528e-01
   2.1400741e-01
  -3.6313371e-02
  -1.3345113e-01
  -6.4349021e-01
  -1.0114297e+00
  -1.9136059e-01
  -4.8952386e-01
  -7.8461259e-01
  -9.5280700e-02
  -7.4146245e-01
  -1.8273988e+00
  -1.3171735e+00
  -7.1787917e-01
  -8.9136138e-01
  -2.0343587e-01
  -3.1596614e-01
   1.0662720e-02
  -8.5976284e-01
  -3.0581255e-02
  -9.9438055e-01
  -1.6635116e-01
  -2.1709532e-01
   1.7581522e-01
  -1.1594429e-01
   1.4402977e-01
  -5.4683232e-01
  -8.6762240e-01
  -8.7381092e-01
  -4.5187750e-01
  -4.5175245e-01
  -1.2872601e-01
  -9.8448167e-01
  -7.1217020e-01
  -5.3081403e-01
  -6.4619196e-01
   5.0237869e-01
  -4.0069817e-01
  -6.2107767e-01
   1.2060129e+00
  -5.7375648e-01
   7.2438731e-01
  -5.1727617e-01
  -6.5490920e-01
   5.2823839e-01
  -5.8725774e-01
  -2.1150660e-02
   8.1559354e-01
  -1.0393952e+00
  -1.7410894e-01
  -3.2203553e-01
  -2.4935909e-01
  -2.3225607e-01
  -5.5828246e-01
   4.8740389e-01
  -1.0687359e+00
  -3.4671327e-01
  -9.9466191e-01
  -1.0796355e+00
  -1.4194646e+00
   3.8086553e-01
  -9.5869679e-01
  -8.5356978e-01
  -4.1169982e-01
  -4.2989923e-01
  -5.1727729e-01
   4.7300473e-01
  -2.1383700e-01
  -7.0064418e-01
  -2.7277370e-01
  -2.7038320e-01
  -2.7398707e-01
  -8.9459221e-01
  -4.5247958e-01
  -6.5533934e-01
  -4.3306978e-01
   3.2257659e-01
   4.1827642e-01
  -1.5011664e+00
  -3.5301505e-01
   1.7678271e-01
  -2.5833366e-01
  -5.5537299e-01
  -1.0366743e-01
  -5.4312856e-02
  -1.3152727e+00
  -1.2124326e+00
  -1.6441299e-01
  -3.7623487e-01
   1.7283690e-01
  -6.4767361e-01
   4.6021867e-01
   2.7437321e-01
  -1.7498885e-01
  -6.1396299e-02
  -6.3843483e-01
  -3.9323415e-01
  -1.0660505e+00
   3.0894298e-01
   2.9707209e-02
   4.2422246e-02
  -6.7384881e-03
  -7.3805426e-01
  -4.3038723e-01
  -4.0889450e-01
  -2.7781603e-02
  -9.1494308e-02
  -2.3915958e-01
  -7.1491144e-01
  -1.5701916e-01
  -1.0579564e+00
  -8.9002761e-01
