  -6.1944313e-01
  -5.6848124e-02
  -5.8606282e-01
  -1.8265908e-01
  -5.9125554e-01
   7.4396025e-01
  -5.7609213e-01
   1.6402596e-01
   2.0491813e-01
  -5.3745675e-01
  -1.0568951e-01
  -5.4676286e-01
   7.4895022e-01
  -1.6546981e-01
  -1.5972505e-01
  -2.6524530e+00
   1.9369665e-02
  -4.4116656e-01
  -5.6290111e-01
  -1.9325857e-01
   2.1652637e-03
  -5.0944293e-01
  -2.4801615e+00
  -8.4438513e-01
  -3.3120880e-01
  -5.9716702e-01
   2.0372390e-01
  -8.9332547e-02
  -8.8544058e-01
  -7.0661430e-03
  -9.7888323e-02
   1.9177212e-02
  -3.2227071e-01
  -2.1574095e-01
  -1.2279380e+00
  -8.2472081e-01
  -3.6489900e-01
   6.1484806e-01
   5.0063288e-04
  -1.6728490e-01
  -8.8800928e-01
  -1.3902757e+00
   6.6808944e-01
  -4.4289372e-01
  -2.5864224e-01
  -2.7680570e-01
  -5.0075875e-01
  -4.5172240e-01
  -8.3946153e-01
  -3.4209201e-01
  -2.4344720e-01
  -2.8979035e-02
   1.9321499e-01
  -7.8670826e-01
  -6.2859323e-02
  -2.8256795e-01
   2.0145374e-01
  -1.5237395e+00
  -9.4167610e-01
  -1.1233095e+00
  -7.8524284e-01
  -1.2063090e+00
  -1.6555648e+00
  -6.4961842e-01
  -1.2730937e+00
   4.9087359e-01
   7.0644894e-03
  -5.4691435e-01
   5.3845836e-02
  -5.7923938e-01
  -5.8974788e-01
  -2.5340221e-01
  -2.0980626e-01
  -2.9619126e-01
  -2.0352345e-01
   1.3234399e-01
   3.1005508e-01
   2.1358316e-01
  -4.9078885e-01
  -1.7615911e-01
  -7.6943667e-01
  -1.3147465e-01
  -1.1240401e+00
  -1.1286227e+00
   1.5487408e-01
  -2.3650742e-01
  -1.2951728e+00
  -6.1739216e-01
   4.7759233e-02
  -4.9452729e-01
  -1.4082384e+00
  -1.2749264e+00
  -8.1905826e-01
  -7.7755768e-01
   3.0861300e-02
   8.7527954e-01
  -5.4374353e-01
   4.5243629e-01
  -2.0904398e-01
  -1.6857232e+00
  -5.1715988e-02
  -4.8625746e-01
  -5.2413927e-01
  -4.9309899e-01
  -3.2976603e-01
  -6.7123204e-01
  -6.8841614e-01
  -2.5898696e-01
  -6.5648326e-01
  -9.5820211e-01
  -1.1695472e+00
  -6.9896500e-01
  -1.9999371e-01
  -1.6944890e-02
  -4.2271409e-01
  -2.4198159e-01
  -9.9648322e-01
   5.1570083e-01
  -9.0060354e-02
  -8.2386925e-01
   6.7389639e-03
  -5.5172304e-01
  -6.8284621e-02
   8.6527386e-02
  -9.5101129e-01
  -7.7277257e-01
  -2.5160281e-01
  -8.9608276e-01
  -9.2300770e-01
  -7.1515389e-01
   1.3846447e-01
  -1.7780977e-01
  -4.8157148e-01
  -2.8190340e-01
   4.8904705e-01
  -8.6320715e-01
  -5.3680795e-01
  -1.5681673e-01
  -6.2596199e-02
  -1.9172325e-01
   3.2598848e-01
  -2.4577545e-01
  -1.5534022e+00
  -9.6690414e-01
  -1.4693399e+00
   6.2352541e-01
  -4.8808511e-01
  -1.3168656e-02
   9.3158769e-01
  -1.2122521e+00
  -1.5136212e-01
  -2.3707793e+00
  -1.2603635e+00
   2.8487347e-01
  -1.2307909e+00
  -1.3872334e+00
   2.7853705e-01
  -4.4612812e-01
  -1.0407802e-01
  -4.4610366e-01
   1.4506858e-01
  -1.3055764e+00
   1.1409211e-01
  -1.1841133e-01
  -1.2855823e+00
  -2.7238983e-01
  -4.4392663e-02
  -4.3143282e-02
  -1.9360908e-01
  -1.7090680e+00
  -1.1956751e+00
  -4.7840219e-01
  -3.7502492e-01
   3.2210266e-01
  -9.3856765e-01
  -1.0809411e+00
  -1.5643337e+00
  -1.3905948e+00
  -1.2501909e-02
  -1.4249778e+00
  -1.0102187e+00
   3.7827586e-01
  -5.9924338e-01
   2.6407701e-01
  -1.0785151e+00
  -3.2136006e-01
  -1.5872814e+00
  -7.6025759e-01
  -2.8748250e-02
  -4.0095385e-01
  -1.2281752e-01
  -1.5276443e+00
  -3.3133223e-01
  -4.9027435e-01
  -4.2107409e-01
   1.1206904e+00
  -4.7221959e-01
  -2.7409713e-01
  -1.4825617e-01
  -7.5273203e-01
  -9.2039098e-01
  -2.5108892e-01
  -1.1779716e+00
  -1.1046315e+00
   3.5072407e-02
   3.0353397e-03
  -6.5331934e-01
  -8.3771941e-01
  -7.2643544e-01
  -7.8245249e-01
  -3.0284257e-01
  -2.8680967e-01
  -1.0319474e+00
  -5.8055270e-01
  -9.4157776e-01
  -4.5577638e-02
  -2.4518266e-01
  -1.9902493e-01
   1.3223766e-01
  -2.2315445e+00
  -6.5398494e-01
  -5.0076724e-01
  -8.8715015e-01
  -1.0604861e+00
   3.5727962e-01
  -2.7805951e-01
  -1.8687430e-01
  -3.5051298e-01
  -1.9073065e+00
   3.1336363e-01
  -4.6333983e-01
  -4.4467821e-01
   2.4851902e-01
  -5.0373709e-01
  -1.6672570e-01
  -2.0688241e+00
  -7.4010513e-01
  -3.9754314e-01
  -6.8815058e-01
  -7.0603538e-01
  -7.1063193e-01
  -6.1217614e-01
  -2.4724127e-02
  -7.0224051e-02
  -4.2938221e-01
  -5.4707666e-02
  -4.0507108e-01
  -1.0309328e+00
  -1.0509675e+00
  -8.8958731e-01
  -5.1060968e-02
   5.2619282e-01
  -7.7406151e-02
   3.9009158e-01
  -8.2219564e-01
  -4.5890504e-01
   7.6008544e-02
  -7.1425843e-01
  -1.1827272e+00
  -1.8162916e-01
  -1.2457305e+00
  -1.4600008e+00
  -5.8045039e-01
  -2.6045725e-01
  -4.0509822e-01
   3.0873740e-01
  -4.7720009e-01
  -4.3310039e-01
  -3.0571608e-01
  -3.3197905e-01
  -7.2702602e-01
  -8.3123978e-01
  -8.5158800e-01
  -1.2217162e+00
  -9.5156131e-01
  -1.0047917e+00
  -4.5335241e-01
   6.0295171e-02
   3.5898399e-01
   1.8616022e-02
   1.3323535e-01
  -7.8192182e-01
  -1.1382757e+00
   6.5709456e-02
  -1.3942261e+00
  -4.1632411e-01
  -2.1646472e-01
  -4.5175662e-01
  -9.8757228e-01
  -5.9108125e-01
   2.7071626e-01
  -7.0700563e-01
   1.1823801e-01
  -3.4254546e-01
  -3.2636649e-01
  -1.1535766e+00
   4.1008584e-01
  -7.2243060e-01
   5.3612610e-01
   1.5951911e-01
  -1.7856980e-01
  -1.3484823e-01
  -8.4583453e-01
  -6.3973868e-01
  -1.1634919e+00
  -1.1579187e+00
  -8.4361507e-01
  -1.2306452e+00
   4.8083236e-01
   6.1489784e-01
  -4.3468298e-01
  -1.0222848e+00
  -1.7076879e+00
  -1.2584427e-01
  -6.9143416e-02
  -7.0066575e-02
  -2.9393915e-01
  -1.0812609e+00
  -1.1757928e+00
   2.2391384e-01
  -4.8571534e-01
   4.2936956e-01
  -2.3142914e-01
  -7.4637888e-02
  -1.0707581e-01
  -1.2653050e+00
  -2.4253003e-01
  -1.2314057e+00
  -1.1560281e+00
  -4.8696379e-01
  -8.1631745e-01
  -2.8384364e-01
  -4.2744642e-01
   2.4628262e-01
  -1.9865384e+00
  -1.3632730e+00
  -6.4123167e-01
  -1.1883438e+00
  -1.4924349e-01
  -1.6270091e+00
  -2.2723102e-02
   5.8789548e-02
  -9.6096126e-01
   1.1998314e-01
  -8.5711750e-01
  -3.3691192e-01
  -2.7783403e-01
   3.8869320e-01
   2.1331148e-02
  -1.5355838e-01
  -1.6963962e-01
  -7.6614215e-01
  -7.3896309e-01
  -2.8119553e-01
  -2.5967099e-01
  -9.7337632e-02
  -1.0446293e+00
  -7.3394138e-01
  -4.1426245e-01
  -5.3980644e-01
  -6.6803664e-01
  -1.3729737e-01
  -7.5489094e-02
  -4.4037665e-01
   1.1316646e+00
  -9.0189914e-02
  -8.9241172e-01
  -9.0187495e-01
   8.6779266e-01
  -5.3538032e-01
  -9.0454332e-01
   3.1084911e-01
  -5.3504985e-01
  -1.8021082e-01
   3.5515924e-01
  -1.0893960e+00
  -6.3467123e-01
  -1.1920110e+00
  -2.9331761e-01
  -1.2452342e+00
  -2.2148704e-01
   1.0751691e-01
  -4.3454028e-01
   2.8023583e-02
   2.6241936e-01
  -7.8616489e-01
  -6.1009601e-01
  -2.6842314e-01
  -4.8108329e-01
  -1.0694325e+00
  -1.2981236e+00
  -7.7586936e-01
   2.3417089e-01
   8.0878083e-02
  -7.5371349e-01
  -8.0587249e-01
  -3.4695494e-01
  -2.3101254e+00
  -5.5919964e-01
  -3.1670017e-01
  -9.5955636e-02
  -2.3892756e-01
  -7.2571963e-01
  -2.0875834e-01
  -1.0322343e+00
  -2.8646841e-01
  -1.2434507e+00
  -8.9863314e-01
  -5.6080181e-01
  -5.3869904e-01
  -3.9099873e-01
  -1.9249512e+00
   1.6082623e-01
  -1.0226969e+00
  -1.4756713e+00
   6.0410456e-01
  -1.6496814e+00
  -4.2737103e-01
   1.0367726e-01
  -2.1081473e-01
  -4.2878881e-01
  -4.4591421e-01
  -1.5596609e-01
  -1.4948238e+00
  -1.1823593e+00
  -1.3754741e-01
  -4.7343757e-01
   5.4812764e-01
  -6.4139661e-01
   4.5622855e-01
   2.8904649e-01
  -8.9152848e-01
   3.1448052e-02
   1.7539912e-02
  -7.5514749e-01
  -5.7884672e-01
  -8.9175898e-01
   2.6300732e-01
  -2.7421469e-01
   2.1619418e+00
   5.3887841e-01
  -1.2587950e+00
   2.4582561e-01
   6.1753132e-02
  -6.8417472e-01
   7.8889478e-02
  -6.1262027e-01
  -5.9017032e-01
  -8.5722535e-01
  -3.6542024e-02
  -1.1292974e+00
  -1.7351090e-02
  -2.6987480e-01
  -6.5375999e-01
  -1.7672155e-01
  -1.2059885e+00
  -9.2322702e-01
