   4.6538519e-01
   1.2392593e+00
   6.7095011e-01
   7.3229560e-01
   6.4238992e-01
   1.4747826e+00
   6.3205370e-01
   1.0862537e+00
   1.0072649e+00
   2.7992086e-01
   7.9176328e-01
   6.7527670e-01
   1.4900108e+00
   1.2529789e+00
   9.4020026e-01
   1.0033744e+00
   6.8665321e-01
   6.7769390e-01
   1.0177597e+00
   3.4913103e-01
   3.7361336e-01
   6.6702886e-01
   7.3684949e-01
   9.0034704e-01
   1.1042022e+00
   1.2621726e+00
   7.8830446e-01
   9.7734501e-01
   3.9472981e-01
   7.4055911e-01
   1.3115753e+00
   9.5634968e-01
   8.3147821e-01
   3.9286408e-01
   1.5410007e+00
   9.5492115e-01
   8.0067490e-01
   8.6670798e-01
   5.2192103e-01
   8.0136970e-01
   4.2174253e-01
   1.0139904e+00
   1.1677656e+00
   8.0896053e-01
   1.0104538e+00
   9.4461004e-01
   5.3466808e-01
   1.2899975e-01
   1.5395822e-01
   1.1203331e+00
   1.0359055e+00
   4.3415834e-01
   9.1535643e-01
   6.4432468e-01
   9.2521138e-01
   6.6254613e-01
   1.1746855e+00
   6.0609783e-01
   1.1236514e+00
   1.1314101e+00
   1.2365388e+00
   6.6612410e-01
   8.2593506e-01
   6.1630825e-01
   6.8190033e-01
   2.9300400e-01
   7.3514867e-01
   6.2338728e-01
   1.0582487e+00
   1.7346610e-01
   6.7951308e-01
   6.0736489e-01
   9.2555081e-01
   1.5814402e+00
   3.9692994e-01
   1.3691158e+00
   1.8158990e+00
   4.9485813e-01
   6.5164541e-01
   5.8599923e-01
   8.5736997e-01
   3.8112783e-01
   4.0925348e-01
   6.7554078e-01
   4.9043214e-01
   1.9626111e-01
   6.2672533e-01
   8.2618455e-01
   1.1650637e+00
   6.8006659e-01
   5.8390105e-01
   4.3343067e-01
   9.2833611e-01
   5.8166592e-01
   7.2193148e-01
   6.8768526e-01
   1.1061566e+00
   1.0283898e+00
   3.1265143e-01
   4.0953928e-01
   8.0278729e-01
   2.1479227e-01
   4.1756054e-01
   1.9079026e-01
   1.3308170e+00
   8.7620273e-01
   4.7855175e-01
   4.7916368e-01
   1.5505013e+00
   6.1872459e-01
   1.1304746e+00
   7.5004072e-01
   1.3619190e+00
   8.8826000e-01
  -3.9950142e-01
   7.7324528e-01
   9.5165597e-01
   1.7324029e+00
   1.0100090e-01
   1.1330288e+00
  -2.0907044e-01
   7.0952716e-02
   1.2786215e+00
   5.7932315e-01
   9.7519878e-01
   9.9847282e-01
  -1.0035374e-01
   9.1266272e-01
   6.8462053e-01
   1.1682146e+00
   8.7943788e-01
   8.3336170e-01
  -8.4462981e-02
   7.0833709e-01
   8.6420745e-01
   1.2213625e+00
   1.6663425e-01
   3.8192295e-01
  -1.4067998e-01
  -6.7413947e-02
   3.9966434e-02
   1.2227591e+00
   4.2788795e-01
   1.1347069e+00
   1.0229607e+00
   6.4841291e-01
   3.3929177e-01
   6.1659461e-01
   6.7867755e-01
   6.4984628e-01
   1.3268470e+00
   3.4760456e-01
   7.6362319e-01
   7.2573220e-01
   3.9458048e-01
   1.0651197e+00
   4.9434012e-01
   5.7517088e-01
   6.7264383e-01
   5.9351336e-01
   8.8123947e-01
   7.0297095e-01
   2.3516514e-01
   7.5383341e-01
   7.7155770e-01
   1.2186122e+00
  -4.6458431e-01
   4.3838089e-01
   7.1057391e-01
   3.4410833e-01
   2.9375928e-01
   1.3824000e+00
   7.7654860e-01
   7.0346160e-01
   7.9673242e-01
   1.2143165e+00
   7.7072782e-01
   1.3443772e+00
   4.9928156e-01
   8.5627643e-01
   1.3670063e+00
   3.2865370e-01
   7.8443031e-01
   6.2611068e-01
   5.4502510e-01
   3.8540688e-01
   5.3486741e-01
   9.4196070e-01
   9.7708147e-01
   6.3084080e-01
   1.0378896e+00
   7.5610587e-01
   5.7907365e-02
   3.8895276e-01
   8.3265571e-01
   1.3145178e+00
   8.1171840e-01
   1.4704875e+00
   2.7213921e-01
   6.5328979e-01
   8.7597644e-01
   2.9701430e-01
   3.6974456e-01
   2.7938253e-01
  -1.7522644e-02
   5.5563266e-01
   9.4414880e-01
   3.9637827e-01
   1.1400145e+00
   5.5903095e-01
   6.4848766e-01
   5.0208079e-01
   6.6266440e-01
   4.7643024e-01
   4.7297761e-01
   2.8540839e-02
   4.1717062e-01
   1.2799098e+00
   1.3596961e+00
   1.0511159e+00
   2.7198232e-01
   2.4159908e-01
   6.5730170e-01
   7.9112031e-01
   6.3298093e-01
   5.0016721e-01
   5.0152347e-01
   1.1000569e+00
   8.3337663e-01
   8.2571603e-01
   1.3726889e+00
   6.0712032e-01
   1.3982184e+00
   1.2283327e+00
   8.2931197e-01
   1.3716148e+00
   4.2120873e-01
   5.1181539e-01
   4.0516606e-01
   5.2246470e-01
   1.4367636e+00
   1.2971701e+00
   6.2580820e-01
   3.2498897e-01
  -2.1441505e-02
   9.8307929e-01
   9.6406063e-01
   8.0019544e-01
   7.3841694e-01
   1.1463188e+00
   9.6687441e-01
   8.9473536e-01
   5.3005825e-01
   1.8044313e-01
   8.6625876e-01
   6.4754943e-01
   4.1878309e-01
   9.2082316e-01
   4.7181475e-01
  -5.6073862e-01
  -2.5070438e-02
   4.4024218e-01
   3.7181657e-01
   8.1358233e-01
   7.0715839e-01
   1.0076751e+00
   4.2288523e-01
   9.7296810e-01
   4.6334150e-01
   8.5943429e-01
   8.4873820e-01
   1.1199547e+00
   9.2390625e-01
   1.1204386e+00
   6.4582631e-01
   4.4666431e-01
   3.7555973e-01
   6.0552138e-01
   7.3025386e-01
   9.0999787e-01
   3.1512212e-01
   4.3009866e-01
   6.6969519e-01
   5.2973491e-01
   1.4592646e+00
   6.6604029e-01
   4.9843528e-01
   2.0140642e+00
   3.9648954e-01
   1.6199175e+00
   6.2454604e-01
   5.0456053e-01
   1.4048193e+00
   5.9057360e-01
   9.8244132e-01
   1.7307860e+00
   1.5480587e-01
   8.7661533e-01
   6.8478655e-01
   8.3152735e-01
   7.9186509e-01
   6.0297315e-01
   1.3534883e+00
   2.2876140e-01
   7.2204517e-01
   1.6142144e-01
   1.8938587e-01
  -4.9888828e-02
   1.3256449e+00
   4.6588041e-01
   2.9970795e-01
   7.4211136e-01
   6.4033156e-01
   7.3492521e-01
   1.2579127e+00
   8.6222100e-01
   4.7732580e-01
   8.2813576e-01
   7.7017281e-01
   7.6206665e-01
   3.7523915e-01
   6.2031967e-01
   6.5406787e-01
   6.0147493e-01
   1.2492968e+00
   1.3278575e+00
  -2.5927123e-01
   6.8545005e-01
   1.1394304e+00
   8.0348783e-01
   5.1086630e-01
   9.2146232e-01
   9.6318504e-01
   3.0237889e-02
  -2.7972666e-01
   8.5535855e-01
   7.1055248e-01
   1.1545114e+00
   4.7741332e-01
   1.3705090e+00
   1.2097096e+00
   8.6406559e-01
   9.5166545e-01
   5.7132676e-01
   7.0458518e-01
   2.2398086e-01
   1.2527579e+00
   1.0322129e+00
   1.0292796e+00
   9.9500710e-01
   5.7182762e-01
   6.2069487e-01
   6.1824874e-01
   9.8137937e-01
   9.1934990e-01
   8.1688922e-01
   2.6280630e-01
   8.9134137e-01
   8.7808002e-02
   4.9693210e-01
