   6.2764358e-01
   9.5836328e-01
   6.1553820e-01
   8.4895265e-01
   6.3405935e-01
   1.5088716e+00
   6.3708139e-01
   1.1268087e+00
   1.1067163e+00
   5.3948762e-01
   9.1236548e-01
   6.5759743e-01
   1.5747366e+00
   8.7421738e-01
   8.9426297e-01
  -1.0508875e+00
   1.0165249e+00
   6.8111833e-01
   5.9709214e-01
   8.4618453e-01
   1.0016626e+00
   6.4161735e-01
  -6.6544019e-01
   4.4859969e-01
   7.3746516e-01
   6.4830640e-01
   1.1964315e+00
   9.3805266e-01
   9.9517345e-01
   1.0132593e+00
   7.6801547e-01
   8.2665691e-01
   6.4838982e-02
   4.7082679e-01
   6.9853502e-01
   1.4872267e+00
   1.0004652e+00
   8.7119532e-01
   4.2806958e-01
  -2.1703647e-01
   1.4866443e+00
   7.2638612e-01
   7.9619429e-01
   8.3361895e-01
   6.0324621e-01
   6.5985274e-01
   4.6097516e-01
   7.3171090e-01
   8.2579333e-01
   9.7934040e-01
   1.1835239e+00
   3.9984629e-01
   9.5151324e-01
   8.1381149e-01
   1.1319181e+00
  -1.8227352e-01
   3.3729272e-01
   1.4281369e-01
   4.9948200e-01
   1.0910037e-01
  -9.3393152e-02
   4.3487499e-01
  -4.7749319e-02
   1.3627656e+00
   1.0054424e+00
   5.8668668e-01
   1.0407937e+00
   4.8365732e-01
   5.6636689e-01
   8.4934986e-01
   8.1705108e-01
   7.8638195e-01
   8.2698307e-01
   1.1134602e+00
   1.2234283e+00
   1.1714181e+00
   6.7800521e-01
   8.5574268e-01
   4.7190929e-01
   8.9640720e-01
   1.9000737e-01
   1.2863743e-01
   1.1307076e+00
   1.0534098e+00
  -7.8212262e-02
   5.8484974e-01
   6.3192477e-01
   2.7074472e-02
  -4.0273621e-02
   4.5819702e-01
   4.8657246e-01
   1.0248446e+00
   1.6509013e+00
   5.9616413e-01
   1.3649560e+00
   8.5487471e-01
  -3.0165114e-01
   9.5755279e-01
   6.7136204e-01
   6.0426359e-01
   6.2354657e-01
   7.0443701e-01
   5.7264974e-01
   5.4297916e-01
   7.6959992e-01
   5.5700914e-01
   3.5528947e-01
   1.7568189e-01
   4.7046319e-01
   8.6940649e-01
   9.8743048e-01
   7.2368758e-01
   8.2835394e-01
   3.1147861e-01
   1.3580167e+00
   9.2245680e-01
   5.3613785e-01
   1.0053909e+00
   6.5647654e-01
   9.5230407e-01
   1.0731300e+00
   2.8742909e-01
   4.2348527e-01
   7.8201636e-01
   4.1169291e-01
   3.8888383e-01
   5.2615907e-01
   1.1110077e+00
   8.5789157e-01
   6.5909710e-01
   7.5319818e-01
   1.4509536e+00
   3.4269325e-01
   8.8109589e-01
   9.5438854e-01
   8.5044930e-01
   1.2618450e+00
   8.2429540e-01
  -2.3400406e-01
   2.8404820e-01
  -1.2471765e-01
   1.4893881e+00
   6.2838993e-01
   9.9334032e-01
   1.6869361e+00
   7.4556098e-02
   8.7695370e-01
  -5.3191564e-01
   6.4030909e-02
   1.2164628e+00
   8.7403264e-02
   6.3649107e-02
   1.2094552e+00
   6.9943059e-01
   9.3040402e-01
   6.8020655e-01
   1.0941800e+00
  -4.4763901e-02
   1.0867378e+00
   9.2207083e-01
   1.6995847e-01
   7.7947923e-01
   9.6335765e-01
   9.7201644e-01
   8.5772713e-01
  -2.8328626e-01
   2.0551086e-01
   6.8700111e-01
   7.7238909e-01
   1.2467177e+00
   2.9159309e-01
   2.9180518e-01
  -2.3547793e-01
  -1.4974123e-01
   9.8881848e-01
   5.5020001e-02
   3.5514680e-01
   1.2668274e+00
   6.3927450e-01
   1.1367061e+00
   9.7101567e-02
   7.6122837e-01
  -1.3753095e-01
   5.1033243e-01
   9.7948686e-01
   7.0797518e-01
   2.6529205e-01
   7.4621216e-01
   6.4039152e-01
   7.2090737e-01
   1.8971253e+00
   6.3648922e-01
   8.2025146e-01
   8.8802453e-01
   4.5757505e-01
   3.4632086e-01
   8.0883013e-01
   1.3367084e-01
   1.1568683e-01
   1.0223840e+00
   1.0025699e+00
   5.8274455e-01
   5.7842303e-01
   5.7329229e-01
   5.7868283e-01
   7.7501880e-01
   7.6274238e-01
   2.2517001e-01
   5.0059705e-01
   3.5227406e-01
   9.6361736e-01
   8.2060871e-01
   8.6963092e-01
   1.0955132e+00
  -5.1285884e-01
   5.8092158e-01
   5.4745444e-01
   3.6980670e-01
   3.1359960e-01
   1.3286630e+00
   7.8683183e-01
   8.7034051e-01
   7.1880899e-01
  -4.6936427e-01
   1.2365963e+00
   6.3584173e-01
   7.1448100e-01
   1.2006856e+00
   5.7296133e-01
   8.7239153e-01
  -6.4261225e-01
   3.2982908e-01
   6.6845495e-01
   4.0766669e-01
   4.6985060e-01
   5.3621216e-01
   5.2325975e-01
   9.7957391e-01
   9.4996573e-01
   6.9903302e-01
   9.6092966e-01
   7.5616006e-01
   2.0089867e-01
   1.6694364e-01
   4.9864004e-01
   9.6081000e-01
   1.4171931e+00
   9.4489477e-01
   1.2568140e+00
   4.3626930e-01
   6.7384703e-01
   1.0521050e+00
   4.1846358e-01
   2.8619847e-01
   8.7417338e-01
   1.5876662e-01
   1.0229104e-02
   6.0974375e-01
   8.4277171e-01
   6.2296214e-01
   1.2368967e+00
   6.5918424e-01
   6.7310687e-01
   7.6720624e-01
   7.1216715e-01
   4.4533000e-01
   4.4904495e-01
   4.8813155e-01
   2.1667350e-01
   3.8286663e-01
   2.8726586e-01
   1.0426222e+00
   1.2535346e+00
   1.0135295e+00
   1.0840506e+00
   3.7786881e-01
   2.9002046e-01
   1.0365807e+00
  -1.1290695e-02
   6.4672044e-01
   8.7251597e-01
   6.4884518e-01
   5.0290392e-01
   1.2369083e+00
   4.7120327e-01
   1.0980143e+00
   7.5095332e-01
   7.8202026e-01
   4.9773187e-01
   1.3666873e+00
   4.5323442e-01
   1.3868491e+00
   1.1220969e+00
   8.8391016e-01
   9.0363280e-01
   3.4437286e-01
   5.9105195e-01
   1.4218662e-01
   1.3546493e-01
   5.3254246e-01
   2.3809113e-02
   1.3819674e+00
   1.5385847e+00
   7.2120627e-01
   5.0901664e-01
  -4.1830985e-01
   9.1074046e-01
   9.3992215e-01
   9.4970748e-01
   7.4226892e-01
   1.2920120e-01
   5.6329448e-02
   1.1512764e+00
   6.8453088e-01
   1.2762689e+00
   8.1128493e-01
   9.4402509e-01
   9.2284085e-01
   3.5721464e-02
   8.3997536e-01
   8.0411242e-02
   2.7876499e-01
   6.5561478e-01
   4.2377468e-01
   7.8841520e-01
   7.0457454e-01
   1.1740953e+00
  -6.7398140e-01
   3.9785519e-02
   5.1045557e-01
   1.9741003e-01
   8.7683211e-01
  -4.3126708e-01
   9.8476982e-01
   4.2447444e-01
   1.0961531e+00
   5.5936682e-01
   7.4704999e-01
   8.2173079e-01
   1.2651763e+00
   1.0137889e+00
   8.7799982e-01
   8.8650883e-01
   5.3273583e-01
   4.6050159e-01
   7.6098087e-01
   8.3894592e-01
   9.3557322e-01
   3.2348029e-01
   4.4154673e-01
   7.2573634e-01
   6.1844218e-01
   8.8676220e-01
   9.4600982e-01
   6.6087264e-01
   1.8929375e+00
   9.2904464e-01
   3.4625502e-01
   1.5901407e-01
   1.6998668e+00
   6.3332245e-01
   4.0819448e-01
   1.2164034e+00
   6.4674846e-01
   8.6703391e-01
   1.2734605e+00
   1.3028329e-01
   5.5129155e-01
   5.5551899e-02
   8.0949202e-01
  -7.3170571e-02
   8.5139386e-01
   1.0958942e+00
   7.0314889e-01
   1.0207799e+00
   1.1850836e+00
   4.6790324e-01
   4.9642046e-01
   7.9506251e-01
   6.1783322e-01
   1.8765102e-01
   3.8121561e-02
   4.1983387e-01
   1.1756756e+00
   1.0617687e+00
   5.7740068e-01
   3.8656783e-01
   7.8080615e-01
  -8.4351542e-01
   5.8850772e-01
   8.1850904e-01
   9.4731204e-01
   8.5506731e-01
   5.0985962e-01
   8.7354038e-01
   2.6795254e-01
   7.5849852e-01
   1.4402166e-01
   4.2606998e-01
   5.5305730e-01
   7.1263517e-01
   6.7405578e-01
  -5.8746625e-01
   1.1267198e+00
   2.7650568e-01
  -3.1668753e-02
   1.4568369e+00
  -2.5634825e-01
   6.4337634e-01
   1.0791779e+00
   8.5737309e-01
   6.5558225e-01
   6.9393009e-01
   8.9613130e-01
  -8.7725977e-02
  -1.9504652e-01
   8.8751863e-01
   6.5883947e-01
   1.4708721e+00
   4.9038009e-01
   1.3483860e+00
   1.2253375e+00
   4.9182761e-01
   1.0249337e+00
   1.0136875e+00
   5.2176876e-01
   5.9647081e-01
   4.1600660e-01
   1.2193570e+00
   7.4728029e-01
   5.5492470e-01
   6.2397570e-02
   1.1826862e+00
   1.0393810e+00
   5.0163898e-01
   1.0564667e+00
   6.6735081e-01
   5.4481025e-01
   3.2522715e-01
   9.7615116e-01
   3.6113307e-01
   9.8522847e-01
   8.1739235e-01
   3.9598649e-01
   8.7186302e-01
  -8.8377184e-05
   4.8440853e-01
