   1.0441327e+00
   1.3084881e+00
   9.3830924e-01
   1.0266245e+00
   1.0244588e+00
   2.2059406e+00
   1.0112945e+00
   1.4575175e+00
   2.1251317e+00
   6.2962750e-01
   1.1003365e+00
   1.0500793e+00
   2.0520693e+00
   1.1500522e+00
   1.3508627e+00
  -1.3591334e+00
   1.1915186e+00
   9.4231389e-01
   8.3419524e-01
   1.0631727e+00
   1.3044904e+00
   9.1206264e-01
  -9.9096871e-01
   6.8696172e-01
   9.3037156e-01
   1.1008082e+00
   1.2408486e+00
   1.3527399e+00
   5.6024975e-01
   1.4569480e+00
   1.1408457e+00
   1.4654955e+00
   1.0669198e+00
   1.0288483e+00
   8.5138547e-02
   7.3378743e-01
   8.4552019e-01
   1.8767823e+00
   1.0767656e+00
   1.1314637e+00
   6.6464335e-01
  -2.4793056e-01
   2.0409390e+00
   1.1757878e+00
   1.0104206e+00
   1.3868796e+00
   7.6138106e-01
   8.7629771e-01
   7.1790925e-01
   9.3299525e-01
   1.1540147e+00
   1.3737121e+00
   1.2460204e+00
   5.2413635e-01
   1.2335632e+00
   1.2350764e+00
   1.7285664e+00
  -2.3491802e-01
   4.7927721e-01
   1.8715182e-01
   7.8361750e-01
   1.4772568e-01
  -1.4141155e-01
   4.9989436e-01
  -5.8018987e-02
   1.8440163e+00
   1.3051132e+00
   7.7632960e-01
   1.3738013e+00
   5.4257255e-01
   7.7026793e-01
   1.4286554e+00
   9.3699613e-01
   1.0903548e+00
   9.7279751e-01
   1.2987794e+00
   1.6977715e+00
   1.4595612e+00
   1.0334248e+00
   1.0449859e+00
   6.8757944e-01
   1.1376739e+00
   2.6367635e-01
   1.6661621e-01
   1.3397635e+00
  -4.6646758e+00
  -9.3950324e-02
   8.6976131e-01
   1.3892716e+00
   8.4902221e-01
   3.9188314e-02
  -4.9358073e-02
   6.9266885e-01
   7.3688713e-01
   1.2730354e+00
   2.2199989e+00
   8.0270331e-01
   1.6921373e+00
   1.2313940e+00
  -3.9065793e-01
   1.1666440e+00
   9.9335693e-01
   8.0032635e-01
   8.1675490e-01
   7.8595565e-01
   8.9945154e-01
   8.1789622e-01
   8.6508798e-01
   8.2545084e-01
   5.2804956e-01
   2.4925846e-01
   6.2099044e-01
   1.3314278e+00
   1.3311488e+00
   1.1071270e+00
   1.1677891e+00
   4.5079676e-01
   1.9561388e+00
   1.0713613e+00
   9.5223869e-01
   1.2568028e+00
   1.0543479e+00
   1.3633808e+00
   1.2697278e+00
   3.8360857e-01
   5.6764864e-01
   9.0262512e-01
   6.2707202e-01
   5.8735603e-01
   7.9411610e-01
   1.3858055e+00
   1.0734163e+00
   9.3106386e-01
   8.6032239e-01
   1.5735201e+00
   4.5004142e-01
   9.1950729e-01
   1.1620336e+00
   1.3097825e+00
   1.0902717e+00
   1.5709557e+00
   1.1530237e+00
  -2.9457150e-01
   3.8361155e-01
  -1.6293211e-01
   1.8976174e+00
   8.2534838e-01
   1.9642033e+00
   2.2877366e+00
   9.7662093e-02
   1.0787612e+00
  -8.2318799e-01
   8.6223168e-02
   1.6009126e+00
   1.1787807e-01
   9.4298162e-02
   1.6083538e+00
   1.0381484e+00
   1.3913824e+00
   9.4887070e-01
   1.6854011e+00
  -5.5938659e-02
   1.4294607e+00
   1.4010624e+00
   2.6323454e-01
   9.6282182e-01
   1.1671199e+00
   1.4985933e+00
   1.1672202e+00
  -3.7727786e-01
   3.0928581e-01
   1.0500447e+00
   1.2726330e+00
   1.6276543e+00
   3.8633141e-01
   4.4539185e-01
  -2.9815673e-01
  -1.8110977e-01
   1.1055848e+00
   8.2967128e-02
   5.5636842e-01
   1.7959559e+00
   1.0619738e+00
   2.1957901e+00
   1.1598814e-01
   1.0245287e+00
  -1.9190715e-01
   7.9234185e-01
   1.3727074e+00
   9.7205907e-01
   1.3699603e+00
   5.5160950e-01
   9.7421585e-01
   8.7308155e-01
   1.0876511e+00
   2.3698921e+00
   8.2683293e-01
   1.2507950e+00
   1.1757495e+00
   6.3498443e-01
   4.8762547e-01
   1.0623446e+00
   1.8175592e-01
   1.4450912e-01
   1.6019252e+00
   1.1841659e+00
   9.1243452e-01
   1.1493896e+00
   9.7598386e-01
   1.0747053e+00
   1.0432369e+00
   9.2204370e-01
   2.9988978e-01
   5.8194084e-01
   5.1208914e-01
   1.2071526e+00
   1.1215652e+00
   1.3276019e+00
   1.5167336e+00
  -7.5649313e-01
   9.0654626e-01
   6.0578927e-01
   5.2059275e-01
   4.8451023e-01
   1.4443493e+00
   1.0263543e+00
   1.2543955e+00
   8.9601684e-01
  -6.0925770e-01
   1.6378292e+00
   8.0901856e-01
   1.1127600e+00
   1.4868694e+00
   6.7586825e-01
   1.1398153e+00
  -8.0935213e-01
   3.6424767e-01
   8.0151908e-01
   4.7361184e-01
   6.2573144e-01
   8.2160300e-01
   6.7191124e-01
   1.1856951e+00
   1.3332949e+00
   9.9729328e-01
   1.3455275e+00
   1.2561461e+00
   2.5918242e-01
   2.1061281e-01
   8.8476121e-01
   1.2518472e+00
   1.7874621e+00
   1.3272908e+00
   1.9090572e+00
   6.3629446e-01
   9.4811890e-01
   1.5347667e+00
   5.1396805e-01
   4.7421404e-01
   1.2618584e+00
   2.3510767e-01
   1.5088845e-02
   9.0690667e-01
   1.3960973e+00
   6.6932497e-01
   1.6119951e+00
   9.2297018e-01
   8.9179867e-01
   1.0075325e+00
   8.2139537e-01
   5.8371013e-01
   6.7748545e-01
   8.1209726e-01
   3.3793513e-01
   5.9034413e-01
   4.0497898e-01
   8.5318857e-01
   1.4749377e+00
   1.7749013e+00
   1.3945693e+00
   1.7184163e+00
   4.7492213e-01
   4.6497571e-01
   1.8619981e+00
  -1.5566030e-02
   7.6213101e-01
   1.4815105e+00
   8.3473183e-01
   2.2008105e-01
   5.9798717e-01
   1.4134211e+00
   6.3000269e-01
   1.3245728e+00
   1.0328812e+00
   1.1708667e+00
   1.1431580e+00
   1.5284387e+00
   5.9884972e-01
   1.9220052e+00
   1.4660147e+00
   1.3596337e+00
   1.2644685e+00
   4.4428065e-01
   9.2461328e-01
   1.9285429e-01
   1.8143552e-01
   9.6107305e-01
   3.0015207e-02
   1.7396631e+00
   1.7565899e+00
   1.1244733e+00
   1.0598322e+00
  -5.0365770e-01
   1.2840248e+00
   1.0817536e+00
   1.3231142e+00
   8.4654863e-01
   1.6042765e-01
   7.0185258e-02
   1.7040778e+00
   1.0539451e+00
   1.9835419e+00
   9.9491246e-01
   1.2587790e+00
   1.2806509e+00
   4.6872915e-02
   1.2730493e+00
   1.0767733e-01
   4.4681714e-01
   9.2704520e-01
   6.0034618e-01
   1.0576688e+00
   1.0194377e+00
   1.6609251e+00
  -7.9982365e-01
   5.6485844e-02
   6.6862221e-01
   2.9229246e-01
   1.0624643e+00
  -4.9024774e-01
   1.4692554e+00
   1.4035089e+00
   7.0874956e-01
   1.3678174e+00
   1.0880776e+00
   9.9501895e-01
   1.2806742e+00
   1.8544849e+00
   1.5683149e+00
   1.1051150e+00
   1.3250989e+00
   8.7349171e-01
   6.3075937e-01
   8.9526064e-01
   1.3526507e+00
   1.4134881e+00
   4.9949319e-01
   5.8029817e-01
   1.0961908e+00
   8.7493705e-01
   6.2850027e-01
   1.0751720e+00
   1.3227114e+00
   8.5818165e-01
   2.3990148e+00
   1.1808897e+00
   4.7266448e-01
   1.7052700e-01
   2.1077324e+00
   9.2470448e-01
   6.2390359e-01
   1.7472824e+00
   9.7959282e-01
   1.1751033e+00
   1.6539180e+00
   1.6319119e-01
   7.7976890e-01
   7.0113408e-02
   1.2463429e+00
  -8.4902156e-02
   1.2689429e+00
   1.2287205e+00
   1.0292922e+00
   1.3766157e+00
   1.6802618e+00
   6.9131994e-01
   6.0142264e-01
   1.0413574e+00
   7.7774745e-01
   2.4703681e-01
   5.1447765e-02
   5.6145339e-01
   1.5671442e+00
   1.3902485e+00
   1.0298045e+00
   5.0783835e-01
   1.2359131e+00
  -1.0570166e+00
   7.9975572e-01
   1.4282912e+00
   1.7252506e+00
   1.4096140e+00
   7.5491666e-01
   1.4420322e+00
   3.7783043e-01
   8.9972892e-01
   2.0921538e-01
   6.6712072e-01
   6.9394920e-01
   1.3359181e+00
   8.0858912e-01
  -7.1235772e-01
   1.4299748e+00
   3.9085520e-01
  -4.5298135e-02
   1.9264684e+00
  -3.3660487e-01
   7.7100999e-01
   1.4130986e+00
   1.2672706e+00
   8.1617840e-01
   1.0109889e+00
   1.3456036e+00
  -1.2055874e-01
  -1.9297581e-01
   1.0852987e+00
   9.1428910e-01
   1.7121968e+00
   6.1718178e-01
   1.7657775e+00
   1.5717733e+00
   8.6285349e-01
   1.2927173e+00
   1.2989905e+00
   8.2389508e-01
   8.5561387e-01
   6.3524282e-01
   1.4619993e+00
   8.1083993e-01
  -2.6955324e+00
   1.8498070e+00
   8.3772979e-02
   1.5914422e+00
   1.6298478e+00
   6.8867485e-01
   1.4759858e+00
   1.2290204e+00
   7.0636659e-01
   4.1316565e-01
   1.4956929e+00
   6.3835926e-01
   1.1572794e+00
   1.2080195e+00
   4.2859989e-01
   1.2024396e+00
  -1.0657245e-04
   8.6739032e-01
