   7.4499333e-01
   1.6007526e+00
   9.0835967e-01
   8.6984825e-01
   1.0020735e+00
   1.9798941e+00
   9.1903316e-01
   1.2255321e+00
   2.2377709e+00
   3.2995951e-01
   8.7429182e-01
   9.8883857e-01
   1.9117635e+00
   1.3008111e+00
   1.2159952e+00
   1.0417591e+00
   8.7070862e-01
   8.8917013e-01
   1.2003435e+00
   4.9040372e-01
   5.5669741e-01
   7.8925469e-01
   1.1190147e+00
   1.1452606e+00
   1.4577165e+00
   1.6173387e+00
   1.0231041e+00
   1.0477020e+00
   6.0335362e-01
   8.2304871e-01
   1.6298823e+00
   9.9314532e-01
   9.8165082e-01
   5.9820097e-01
   2.1146161e+00
   1.2398409e+00
   1.3169930e+00
   9.9142551e-01
   7.8805291e-01
   9.8957049e-01
   5.5044655e-01
   1.2625718e+00
   1.2182658e+00
   1.0224871e+00
   1.4992344e+00
   1.4194708e+00
   8.0312167e-01
   1.4953384e-01
   1.5569168e-01
   1.5005160e+00
   1.1800021e+00
   5.2186371e-01
   1.0707470e+00
   6.0015774e-01
   1.4334684e+00
   7.1421126e-01
   1.3281107e+00
   9.3488965e-01
   1.2494019e+00
   1.5095791e+00
   1.2502082e+00
   9.1125196e-01
   9.6971789e-01
   9.1344034e-01
   7.9790621e-01
   4.0779332e-01
   1.0763820e+00
   9.1956568e-01
   1.4453740e+00
   2.0204823e-01
   8.3828832e-01
   8.9992319e-01
   1.1989830e+00
   2.1036451e+00
   5.1195297e-01
   1.6688501e+00
   1.6963371e+00
   6.6463617e-01
   8.8194424e-01
   7.2151581e-01
   9.7842683e-01
   5.9689030e-01
   5.7097043e-01
   9.0755455e-01
   7.1048265e-01
   2.6193303e-01
   7.5226456e-01
   1.3414558e+00
   1.4695009e+00
   9.7776180e-01
   7.9034398e-01
   5.4533099e-01
   9.4205625e-01
   9.7795168e-01
   8.5343276e-01
   1.0476381e+00
   1.5007831e+00
   1.2380893e+00
   3.9034744e-01
   5.0565069e-01
   9.2954031e-01
   2.7779749e-01
   6.1024626e-01
   2.6275228e-01
   1.6598166e+00
   1.0646736e+00
   6.6232786e-01
   5.0336965e-01
   1.5396430e+00
   7.7233684e-01
   1.4769165e+00
   8.9777878e-01
   1.5931178e+00
   1.1724771e+00
  -4.5196674e-01
   9.8138944e-01
   1.8268361e+00
   2.3288750e+00
   1.3859586e-01
   1.4284486e+00
  -2.7586553e-01
   9.8571677e-02
   1.6117141e+00
   8.6036940e-01
   1.4118583e+00
   1.5659737e+00
  -1.2129468e-01
   1.3182080e+00
   8.4528266e-01
   1.1537828e+00
   1.3600557e+00
   1.0209627e+00
  -1.0192704e-01
   1.0158209e+00
   1.3884761e+00
   1.6297728e+00
   2.0396960e-01
   5.5698589e-01
  -1.7630418e-01
  -7.1824574e-02
   5.7097121e-02
   1.7636443e+00
   6.9070661e-01
   1.1644051e+00
   1.2349927e+00
   9.1490148e-01
   6.4861354e-01
   9.3113144e-01
   7.9476711e-01
   1.0062647e+00
   1.5699658e+00
   4.1507130e-01
   1.1280035e+00
   8.5848347e-01
   4.4804007e-01
   1.5977704e+00
   9.4114236e-01
   8.7296988e-01
   1.0607647e+00
   8.4506534e-01
   1.0409556e+00
   6.7657938e-01
   3.4160551e-01
   9.7514474e-01
   1.0847570e+00
   1.6037286e+00
  -6.4231341e-01
   6.6093555e-01
   6.9453812e-01
   4.4279099e-01
   4.2391073e-01
   1.4135568e+00
   9.7896409e-01
   9.0891477e-01
   8.9146576e-01
   1.5076487e+00
   1.0724977e+00
   1.4534375e+00
   5.8469759e-01
   9.8815200e-01
   1.5635260e+00
   3.3364441e-01
   9.2146249e-01
   6.6815244e-01
   7.7949495e-01
   5.5752901e-01
   6.6541006e-01
   1.0381312e+00
   1.3321194e+00
   8.6033923e-01
   1.3717312e+00
   1.3311294e+00
   6.9777840e-02
   7.0885859e-01
   1.1219571e+00
   1.6737489e+00
   1.1211436e+00
   1.9869223e+00
   3.3164385e-01
   8.4169091e-01
   1.2133164e+00
   3.3918421e-01
   5.6630433e-01
   3.6168087e-01
  -2.3820420e-02
   7.5286981e-01
   1.3631270e+00
   4.0852172e-01
   1.4674541e+00
   6.8574333e-01
   7.7783148e-01
   5.7131209e-01
   8.2269530e-01
   6.8305357e-01
   7.6763617e-01
   3.8751041e-02
   5.9336193e-01
   1.8288338e+00
   1.7707537e+00
   1.4800795e+00
   3.2280914e-01
   3.8757174e-01
   6.7013522e-01
   1.2839687e+00
   7.7662959e-01
   5.8750785e-01
   6.2345600e-01
   1.2090692e+00
   1.1843797e+00
   1.1799643e+00
   1.4609143e+00
   7.6086058e-01
   1.9083467e+00
   1.5275910e+00
   1.1253295e+00
   1.8392853e+00
   4.8497322e-01
   7.1348363e-01
   4.6493730e-01
   1.0306698e+00
   1.7441702e+00
   1.4290855e+00
   9.2757319e-01
   7.7180735e-01
  -2.4451987e-02
   1.2509667e+00
   1.0762502e+00
   8.4119700e-01
   1.0380716e+00
   1.6766183e+00
   1.0599198e+00
   1.1343168e+00
   7.2580760e-01
   2.2268808e-01
   1.2394665e+00
   8.9939110e-01
   5.6533539e-01
   1.1081103e+00
   6.6232998e-01
  -6.5654370e-01
  -3.2214485e-02
   5.6460254e-01
   5.2758941e-01
   8.8785481e-01
   7.6299985e-01
   1.3999214e+00
   6.2999774e-01
   1.1007211e+00
   8.5853066e-01
   1.0170893e+00
   1.2181337e+00
   1.6414949e+00
   1.4077589e+00
   1.3399066e+00
   9.9713420e-01
   7.0036320e-01
   5.2553976e-01
   6.9362819e-01
   1.2229794e+00
   1.3015291e+00
   4.5297412e-01
   5.3746751e-01
   1.0762290e+00
   7.2790953e-01
   1.5962550e+00
   7.9914170e-01
   6.1720254e-01
   2.3952996e+00
   3.7694201e-01
   1.8929094e+00
   8.6045914e-01
   6.6696611e-01
   1.8331129e+00
   8.4708489e-01
   1.1834195e+00
   1.9316432e+00
   1.9037576e-01
   1.2369978e+00
   6.9960719e-01
   1.2307570e+00
   8.8363587e-01
   8.4787550e-01
   1.8662441e+00
   3.1700374e-01
   9.0065943e-01
   1.9146657e-01
   2.5223802e-01
  -6.7450402e-02
   1.5504386e+00
   8.3621358e-01
   3.6530709e-01
   1.1847250e+00
   7.6536615e-01
   1.4341618e+00
   2.3069768e+00
   1.3381920e+00
   6.3985469e-01
   1.3143727e+00
   9.0607986e-01
   8.7754156e-01
   5.3730321e-01
   7.3925867e-01
   1.2390766e+00
   6.5361161e-01
   1.6165228e+00
   1.6940636e+00
  -3.0907500e-01
   7.6927109e-01
   1.4446746e+00
   1.0562600e+00
   5.8004866e-01
   1.2163032e+00
   1.4209801e+00
   4.1011160e-02
  -2.6501731e-01
   9.7228046e-01
   9.2360308e-01
   1.2914400e+00
   5.9168752e-01
   1.7023443e+00
   1.5827219e+00
   1.1123148e+00
   1.2088400e+00
   8.5089262e-01
   9.3789120e-01
   3.0769205e-01
   1.5312313e+00
   9.5192113e-01
   1.4912905e+00
   1.3428763e+00
   9.8567733e-01
   7.0428561e-01
   6.6220740e-01
   1.4641984e+00
   1.0429656e+00
   1.0669327e+00
   2.5486278e-01
   1.2880493e+00
   1.0183935e-01
   8.7917215e-01
